0 153 126 198 230 2790 1999 1374 1068 1046 661 1396 377 319 525 634 1854 4335 1768 1953 691 772 1139 993 1044 920 1049 696 649 768 729 435 302 1651 1547 623 493 716 381 819 683 519 913 1038 552 533 1212 1102 1029 1185 
153 0 198 323 383 2915 2124 1499 1193 1171 786 1521 502 444 678 759 1979 4460 1893 2078 844 925 1275 1065 1116 992 1121 768 721 840 801 507 374 1776 1700 776 646 869 534 972 836 672 1066 1191 624 686 1284 1174 1101 1338 
126 198 0 324 185 2760 1969 1467 1073 1139 787 1401 470 445 480 727 1859 4340 1773 1923 646 727 1094 867 918 794 923 570 523 642 603 309 176 1621 1502 578 448 671 336 774 638 474 868 993 426 488 1086 976 903 1140 
198 323 324 0 286 2592 1801 1176 870 848 463 1198 179 121 410 436 1656 4137 1570 1755 576 657 952 1109 1160 1036 1165 879 832 934 837 633 500 1453 1404 548 549 601 437 744 739 575 798 923 750 589 1328 1218 1145 1070 
230 383 185 286 0 2575 1784 1282 888 954 665 1216 285 407 295 542 1674 4155 1588 1738 461 542 909 823 874 750 879 593 546 648 551 394 316 1436 1317 393 263 486 151 589 453 289 683 808 503 303 1042 932 859 955 
2790 2915 2760 2592 2575 0 791 1828 1722 1809 2332 1394 2413 2674 2280 2156 1307 3788 1294 918 2149 2033 1666 3246 3297 3173 3302 3066 3020 3071 2974 2969 2891 1139 1391 2388 2549 2178 2625 2384 2598 2694 2198 1900 2977 2777 3465 3355 3282 1853 
1999 2124 1969 1801 1784 791 0 1037 931 1018 1541 603 1622 1883 1489 1365 516 2997 503 127 1358 1242 875 2455 2506 2382 2511 2275 2229 2280 2183 2178 2100 348 600 1597 1758 1387 1834 1593 1807 1903 1407 1109 2186 1986 2674 2564 2491 1062 
1374 1499 1467 1176 1282 1828 1037 0 509 328 754 434 997 1096 1055 740 543 3024 629 932 936 888 591 2051 2102 1978 2107 1842 1795 1876 1779 1676 1598 689 941 1193 1354 1033 1400 1239 1453 1499 1181 867 1752 1552 2270 2160 2087 1014 
1068 1193 1073 870 888 1722 931 509 0 250 743 328 691 954 593 434 786 3267 700 885 427 379 82 1589 1640 1516 1645 1380 1333 1414 1317 1282 1204 583 534 731 892 524 938 730 944 1037 672 358 1290 1090 1808 1698 1625 505 
1046 1171 1139 848 954 1809 1018 328 250 0 523 415 669 865 727 412 871 3352 787 972 643 629 332 1723 1774 1650 1779 1514 1467 1548 1451 1348 1270 670 784 865 1026 774 1072 980 1194 1171 922 608 1424 1224 1942 1832 1759 755 
661 786 787 463 665 2332 1541 754 743 523 0 938 380 342 611 309 1297 3778 1310 1495 540 656 825 1488 1539 1415 1544 1258 1211 1313 1216 1059 963 1193 1277 749 910 801 816 945 1100 954 998 922 1168 968 1707 1597 1524 1069 
1396 1521 1401 1198 1216 1394 603 434 328 415 938 0 1019 1280 921 762 458 2939 372 557 755 691 324 1904 1955 1831 1960 1708 1661 1729 1632 1610 1532 255 507 1046 1207 836 1266 1042 1256 1352 914 600 1618 1418 2123 2013 1940 747 
377 502 470 179 285 2413 1622 997 691 669 380 1019 0 263 231 257 1477 3958 1391 1576 397 478 773 1108 1159 1035 1164 878 831 933 836 679 601 1274 1225 369 530 422 436 565 720 574 619 744 788 588 1327 1217 1144 891 
319 444 445 121 407 2674 1883 1096 954 865 342 1280 263 0 494 520 1639 4120 1652 1837 660 741 1036 1230 1281 1157 1286 1000 953 1055 958 754 621 1535 1488 632 670 685 558 828 860 696 882 1007 871 710 1449 1339 1266 1154 
525 678 480 410 295 2280 1489 1055 593 727 611 921 231 494 0 315 1379 3860 1293 1443 166 247 614 996 1047 923 1052 787 740 821 724 689 611 1141 1022 138 299 191 345 334 489 444 388 513 697 497 1215 1105 1032 660 
634 759 727 436 542 2156 1365 740 434 412 309 762 257 520 315 0 1220 3701 1134 1319 231 347 516 1311 1362 1238 1367 1102 1055 1136 1039 936 858 1017 968 453 614 492 660 649 804 759 689 613 1012 812 1530 1420 1347 760 
1854 1979 1859 1656 1674 1307 516 543 786 871 1297 458 1477 1639 1379 1220 0 2481 86 389 1213 1149 782 2362 2413 2289 2418 2166 2119 2187 2090 2068 1990 396 648 1504 1665 1294 1724 1500 1714 1810 1372 1058 2076 1876 2581 2471 2398 1110 
4335 4460 4340 4137 4155 3788 2997 3024 3267 3352 3778 2939 3958 4120 3860 3701 2481 0 2567 2870 3694 3630 3263 4843 4894 4770 4899 4647 4600 4668 4571 4549 4471 2877 3129 3985 4146 3775 4205 3981 4195 4291 3853 3539 4557 4357 5062 4952 4879 3591 
1768 1893 1773 1570 1588 1294 503 629 700 787 1310 372 1391 1652 1293 1134 86 2567 0 376 1127 1063 696 2276 2327 2203 2332 2080 2033 2101 2004 1982 1904 310 562 1418 1579 1208 1638 1414 1628 1724 1286 972 1990 1790 2495 2385 2312 1024 
1953 2078 1923 1755 1738 918 127 932 885 972 1495 557 1576 1837 1443 1319 389 2870 376 0 1312 1196 829 2409 2460 2336 2465 2229 2183 2234 2137 2132 2054 302 554 1551 1712 1341 1788 1547 1761 1857 1361 1063 2140 1940 2628 2518 2445 1016 
691 844 646 576 461 2149 1358 936 427 643 540 755 397 660 166 231 1213 3694 1127 1312 0 116 483 1162 1213 1089 1218 953 906 987 890 855 777 1010 891 304 465 261 511 467 655 610 458 382 863 663 1381 1271 1198 529 
772 925 727 657 542 2033 1242 888 379 629 656 691 478 741 247 347 1149 3630 1063 1196 116 0 367 1213 1264 1140 1269 1033 987 1038 941 936 858 894 775 355 516 145 592 351 565 661 342 266 944 744 1432 1322 1249 413 
1139 1275 1094 952 909 1666 875 591 82 332 825 324 773 1036 614 516 782 3263 696 829 483 367 0 1580 1631 1507 1636 1400 1354 1405 1308 1303 1225 527 452 722 883 512 959 718 932 1028 590 276 1311 1111 1799 1689 1616 423 
993 1065 867 1109 823 3246 2455 2051 1589 1723 1488 1904 1108 1230 996 1311 2362 4843 2276 2409 1162 1213 1580 0 81 73 56 297 344 225 272 558 711 2107 1915 858 697 1068 672 943 729 552 1131 1406 441 520 249 139 182 1476 
1044 1116 918 1160 874 3297 2506 2102 1640 1774 1539 1955 1159 1281 1047 1362 2413 4894 2327 2460 1213 1264 1631 81 0 124 35 348 395 276 323 609 762 2158 1966 909 748 1119 723 994 780 603 1182 1457 492 571 168 58 134 1527 
920 992 794 1036 750 3173 2382 1978 1516 1650 1415 1831 1035 1157 923 1238 2289 4770 2203 2336 1089 1140 1507 73 124 0 129 224 271 152 199 485 638 2034 1842 785 624 995 599 870 656 479 1058 1333 368 447 292 182 109 1403 
1049 1121 923 1165 879 3302 2511 2107 1645 1779 1544 1960 1164 1286 1052 1367 2418 4899 2332 2465 1218 1269 1636 56 35 129 0 353 400 281 328 614 767 2163 1971 914 753 1124 728 999 785 608 1187 1462 497 576 203 93 169 1532 
696 768 570 879 593 3066 2275 1842 1380 1514 1258 1708 878 1000 787 1102 2166 4647 2080 2229 953 1033 1400 297 348 224 353 0 47 72 92 261 414 1927 1735 678 517 888 442 763 549 372 951 1226 144 290 516 406 333 1296 
649 721 523 832 546 3020 2229 1795 1333 1467 1211 1661 831 953 740 1055 2119 4600 2033 2183 906 987 1354 344 395 271 400 47 0 119 80 214 367 1881 1694 637 504 847 395 750 536 359 938 1185 97 243 563 453 380 1283 
768 840 642 934 648 3071 2280 1876 1414 1548 1313 1729 933 1055 821 1136 2187 4668 2101 2234 987 1038 1405 225 276 152 281 72 119 0 97 333 486 1932 1740 683 522 893 497 768 554 377 956 1231 216 345 444 334 261 1301 
729 801 603 837 551 2974 2183 1779 1317 1451 1216 1632 836 958 724 1039 2090 4571 2004 2137 890 941 1308 272 323 199 328 92 80 97 0 294 447 1835 1643 586 425 796 400 671 457 280 859 1134 177 248 491 381 308 1204 
435 507 309 633 394 2969 2178 1676 1282 1348 1059 1610 679 754 689 936 2068 4549 1982 2132 855 936 1303 558 609 485 614 261 214 333 294 0 153 1830 1711 711 580 880 469 826 612 435 1014 1202 117 319 777 667 594 1349 
302 374 176 500 316 2891 2100 1598 1204 1270 963 1532 601 621 611 858 1990 4471 1904 2054 777 858 1225 711 762 638 767 414 367 486 447 153 0 1752 1633 709 579 802 467 905 765 588 999 1124 270 472 930 820 747 1271 
1651 1776 1621 1453 1436 1139 348 689 583 670 1193 255 1274 1535 1141 1017 396 2877 310 302 1010 894 527 2107 2158 2034 2163 1927 1881 1932 1835 1830 1752 0 252 1249 1410 1039 1486 1245 1459 1555 1059 761 1838 1638 2326 2216 2143 714 
1547 1700 1502 1404 1317 1391 600 941 534 784 1277 507 1225 1488 1022 968 648 3129 562 554 891 775 452 1915 1966 1842 1971 1735 1694 1740 1643 1711 1633 252 0 1057 1218 847 1299 995 1209 1363 807 509 1651 1451 2134 2024 1951 462 
623 776 578 548 393 2388 1597 1193 731 865 749 1046 369 632 138 453 1504 3985 1418 1551 304 355 722 858 909 785 914 678 637 683 586 711 709 1249 1057 0 161 210 242 196 351 306 384 548 594 394 1077 967 894 695 
493 646 448 549 263 2549 1758 1354 892 1026 910 1207 530 670 299 614 1665 4146 1579 1712 465 516 883 697 748 624 753 517 504 522 425 580 579 1410 1218 161 0 371 112 357 190 145 545 709 463 261 916 806 733 856 
716 869 671 601 486 2178 1387 1033 524 774 801 836 422 685 191 492 1294 3775 1208 1341 261 145 512 1068 1119 995 1124 888 847 893 796 880 802 1039 847 210 371 0 452 206 420 516 197 338 804 604 1287 1177 1104 485 
381 534 336 437 151 2625 1834 1400 938 1072 816 1266 436 558 345 660 1724 4205 1638 1788 511 592 959 672 723 599 728 442 395 497 400 469 467 1486 1299 242 112 452 0 438 302 138 626 790 352 152 891 781 708 937 
819 972 774 744 589 2384 1593 1239 730 980 945 1042 565 828 334 649 1500 3981 1414 1547 467 351 718 943 994 870 999 763 750 768 671 826 905 1245 995 196 357 206 438 0 214 391 188 502 709 507 1162 1052 979 533 
683 836 638 739 453 2598 1807 1453 944 1194 1100 1256 720 860 489 804 1714 4195 1628 1761 655 565 932 729 780 656 785 549 536 554 457 612 765 1459 1209 351 190 420 302 214 0 177 402 716 495 293 948 838 765 747 
519 672 474 575 289 2694 1903 1499 1037 1171 954 1352 574 696 444 759 1810 4291 1724 1857 610 661 1028 552 603 479 608 372 359 377 280 435 588 1555 1363 306 145 516 138 391 177 0 579 854 318 116 771 661 588 924 
913 1066 868 798 683 2198 1407 1181 672 922 998 914 619 882 388 689 1372 3853 1286 1361 458 342 590 1131 1182 1058 1187 951 938 956 859 1014 999 1059 807 384 545 197 626 188 402 579 0 314 897 695 1350 1240 1167 345 
1038 1191 993 923 808 1900 1109 867 358 608 922 600 744 1007 513 613 1058 3539 972 1063 382 266 276 1406 1457 1333 1462 1226 1185 1231 1134 1202 1124 761 509 548 709 338 790 502 716 854 314 0 1142 942 1625 1515 1442 147 
552 624 426 750 503 2977 2186 1752 1290 1424 1168 1618 788 871 697 1012 2076 4557 1990 2140 863 944 1311 441 492 368 497 144 97 216 177 117 270 1838 1651 594 463 804 352 709 495 318 897 1142 0 202 660 550 477 1242 
533 686 488 589 303 2777 1986 1552 1090 1224 968 1418 588 710 497 812 1876 4357 1790 1940 663 744 1111 520 571 447 576 290 243 345 248 319 472 1638 1451 394 261 604 152 507 293 116 695 942 202 0 739 629 556 1040 
1212 1284 1086 1328 1042 3465 2674 2270 1808 1942 1707 2123 1327 1449 1215 1530 2581 5062 2495 2628 1381 1432 1799 249 168 292 203 516 563 444 491 777 930 2326 2134 1077 916 1287 891 1162 948 771 1350 1625 660 739 0 110 186 1695 
1102 1174 976 1218 932 3355 2564 2160 1698 1832 1597 2013 1217 1339 1105 1420 2471 4952 2385 2518 1271 1322 1689 139 58 182 93 406 453 334 381 667 820 2216 2024 967 806 1177 781 1052 838 661 1240 1515 550 629 110 0 76 1585 
1029 1101 903 1145 859 3282 2491 2087 1625 1759 1524 1940 1144 1266 1032 1347 2398 4879 2312 2445 1198 1249 1616 182 134 109 169 333 380 261 308 594 747 2143 1951 894 733 1104 708 979 765 588 1167 1442 477 556 186 76 0 1512 
1185 1338 1140 1070 955 1853 1062 1014 505 755 1069 747 891 1154 660 760 1110 3591 1024 1016 529 413 423 1476 1527 1403 1532 1296 1283 1301 1204 1349 1271 714 462 695 856 485 937 533 747 924 345 147 1242 1040 1695 1585 1512 0 
